

Generated Code:
0: 6 0 0 4
1: 6 0 0 2
2: 1 0 0 1
3: 4 0 0 5
4: 10 1 0 2
5: 4 1 0 4
6: 3 2 0 4
7: 1 3 0 0
8: 21 4 2 3
9: 8 4 0 12
10: 1 5 0 0
11: 4 5 0 5
12: 3 6 0 4
13: 1 7 0 0
14: 19 8 6 7
15: 8 8 0 18
16: 1 9 0 1
17: 4 9 0 5
18: 3 10 0 4
19: 1 11 0 0
20: 23 12 10 11
21: 8 12 0 35
22: 3 13 0 4
23: 1 14 0 0
24: 20 15 13 14
25: 8 15 0 35
26: 3 16 0 5
27: 3 17 0 4
28: 15 16 16 17
29: 4 16 0 5
30: 3 17 0 4
31: 1 18 0 1
32: 14 17 17 18
33: 4 17 0 4
34: 7 0 0 22
35: 3 18 0 5
36: 9 18 0 1
37: 11 0 0 3

The program is syntactically correct.
